Precision:  0.037422037422037424
Recall:  0.08287292817679558
F1:  0.05156115726152965
Alignment:  2405